index,A,B,C,D,E,F,G,H,I,J,K
0,63,108,128,190,185,225,65,70,30,2,1
1,78,108,128,175,170,210,80,85,45,2,1
2,80,111,130,171,170,204,84,85,51,6,1
3,90,112,130,162,161,193,93,94,62,7,1
4,75,112,131,175,176,207,80,79,48,8,1
5,92,110,130,158,158,194,97,97,61,6,1
6,91,104,132,158,159,205,97,96,50,2,1
7,113,99,132,136,135,193,119,120,62,254,1
8,118,94,132,131,128,197,124,127,58,249,1
9,149,94,132,100,97,166,155,158,89,250,1
10,98,99,130,153,149,208,102,106,47,252,1
11,71,104,130,180,178,225,75,77,30,0,1
12,73,108,130,178,176,215,77,79,40,4,1
13,76,108,128,177,172,212,78,83,43,2,1
14,81,106,128,172,166,212,83,89,43,0,1
15,90,103,128,163,156,208,92,99,47,254,1
16,89,95,125,169,152,222,86,103,33,242,1
17,111,97,125,146,131,198,109,124,57,245,1
18,121,99,127,135,123,185,120,132,70,248,1
19,119,102,125,140,125,182,115,130,73,249,1
20,114,103,123,147,128,184,108,127,71,247,1
21,111,103,122,152,131,187,103,124,68,246,1
22,125,104,125,134,120,171,121,135,84,252,1
23,134,103,128,120,112,163,135,143,92,254,1
24,135,103,130,117,113,164,138,142,91,0,1
25,131,101,129,121,116,170,134,139,85,254,1
26,134,100,130,118,113,169,137,142,86,254,1
27,129,101,131,121,118,173,134,137,82,255,1
28,126,102,133,121,123,174,134,132,81,2,1
29,201,103,133,45,49,96,210,206,159,5,1
30,194,104,132,55,56,102,200,199,153,4,1
31,125,106,130,126,123,168,129,132,87,2,1
32,184,96,127,71,60,126,184,195,129,248,1
33,189,99,128,64,56,115,191,199,140,252,1
34,191,101,129,61,56,110,194,199,145,255,1
35,210,103,130,41,37,88,214,218,167,0,1
36,223,100,128,31,23,80,224,232,175,253,1
37,210,98,127,46,34,98,209,221,157,249,1
38,188,95,125,70,53,124,185,202,131,243,1
39,214,94,123,47,25,100,208,230,155,240,1
40,216,95,122,47,23,97,208,232,158,240,1
41,155,95,122,107,85,157,148,170,98,240,1
42,157,96,125,102,85,153,153,170,102,244,1
43,152,97,127,103,91,157,152,164,98,247,1
44,158,96,127,97,86,152,158,169,103,248,1
45,168,98,128,86,77,140,169,178,115,250,1
46,159,99,128,94,86,146,161,169,109,251,1
47,150,99,128,103,95,154,152,160,101,251,1
48,160,106,130,91,88,133,164,167,122,2,1
49,148,103,130,104,100,151,151,155,104,0,1
50,153,100,128,101,93,150,154,162,105,252,1
51,169,103,127,86,77,130,169,178,125,254,1
52,171,103,127,85,75,127,170,180,128,254,1
53,135,99,125,122,108,169,133,147,86,248,1
54,128,94,123,133,111,186,122,144,69,239,1
55,135,92,120,131,102,182,124,153,73,234,1
56,136,95,118,132,100,176,123,155,79,234,1
57,143,95,118,125,94,170,130,161,85,235,1
58,163,94,123,98,76,151,157,179,104,239,1
59,171,95,127,85,72,142,170,183,113,245,1
60,115,99,128,138,130,190,117,125,65,251,1
61,106,103,128,148,141,192,107,114,63,254,1
62,96,104,127,160,150,200,95,105,55,253,1
63,157,103,124,103,86,141,152,169,114,249,1
64,172,109,125,86,75,115,169,180,140,1,1
65,76,109,125,182,171,211,73,84,44,0,1
66,51,108,127,204,196,237,51,59,18,0,1
67,75,108,127,181,172,215,74,83,40,0,1
68,74,106,127,181,172,219,74,83,36,254,1
69,102,104,127,154,144,194,101,111,61,253,1
70,130,103,125,128,115,168,127,140,87,251,1
71,136,103,125,123,108,163,132,147,92,250,1
72,133,102,123,128,110,168,127,145,87,247,1
73,185,102,123,75,57,115,180,198,140,248,1
74,157,102,123,104,86,144,151,169,111,248,1
75,142,102,125,117,102,159,138,153,96,249,1
76,159,101,127,97,86,142,158,169,113,251,1
77,184,103,127,71,62,115,184,193,140,254,1
78,158,103,130,94,90,141,161,165,114,0,1
79,101,103,131,149,147,197,106,108,58,0,1
80,123,101,123,137,119,179,118,136,76,246,1
81,126,100,125,132,118,177,123,137,78,248,1
82,174,103,127,81,71,124,174,184,131,253,1
83,157,107,128,97,91,135,158,164,120,1,1
84,111,109,130,141,139,176,114,116,79,5,1
85,90,108,128,163,158,198,92,97,57,2,1
86,123,103,128,130,123,175,125,132,80,254,1
87,115,98,128,139,129,192,116,126,63,249,1
88,104,97,128,149,140,205,106,115,50,248,1
89,132,100,130,120,115,171,135,140,84,254,1
90,118,105,132,131,132,176,124,123,79,4,1
91,124,107,132,124,127,168,131,128,87,6,1
92,117,105,133,130,133,178,125,122,77,4,1
93,115,103,132,134,134,184,121,121,71,1,1
94,118,103,131,132,130,180,123,125,75,0,1
95,140,103,130,112,108,158,143,147,97,0,1
96,147,104,130,104,102,149,151,153,106,2,1
97,167,102,130,84,81,134,171,174,121,0,1
98,171,96,130,80,75,139,175,180,116,251,1
99,155,92,131,95,89,163,160,166,92,247,1
100,136,89,130,116,107,188,139,148,67,242,1
101,148,89,128,106,94,176,149,161,79,241,1
102,153,93,128,101,89,163,154,166,92,244,1
103,150,98,127,106,94,158,149,161,97,248,1
104,173,99,126,84,70,131,171,185,124,248,1
105,182,98,125,76,61,126,179,194,129,247,1
106,198,91,127,58,44,121,197,211,134,243,1
107,216,86,128,38,24,111,217,231,144,239,1
108,220,86,130,32,22,109,223,233,146,241,1
109,183,90,132,66,62,139,189,193,116,247,1
110,170,98,133,76,78,137,179,177,118,0,1
111,226,103,135,18,25,71,237,230,184,7,1
112,173,103,137,69,80,126,186,175,129,8,1
113,103,96,132,146,144,207,109,111,48,252,1
114,153,90,125,105,87,169,150,168,86,238,1
115,164,88,123,97,73,161,158,182,94,234,1
116,156,90,123,105,83,165,150,172,90,237,1
117,176,94,128,77,67,138,178,188,117,246,1
118,211,94,134,34,37,104,221,218,151,254,1
119,205,91,137,37,44,114,218,211,141,255,1
120,186,90,137,56,62,136,199,193,119,252,1
121,173,92,135,71,74,145,184,181,110,252,1
122,167,95,133,80,81,145,175,174,110,254,1
123,136,98,135,108,113,171,147,142,84,0,1
124,120,99,137,122,131,186,133,124,69,3,1
125,136,99,137,105,116,170,150,139,85,4,1
126,172,102,138,67,81,128,188,174,127,9,1
127,160,104,139,79,94,137,176,161,118,11,1
128,161,100,140,75,93,141,180,162,114,10,1
129,163,102,140,74,91,137,181,164,118,11,1
130,213,102,138,26,40,87,229,215,168,10,1
131,229,102,137,12,24,72,243,231,183,9,1
132,213,101,138,27,39,89,228,216,166,8,1
133,178,99,137,63,74,128,192,181,127,5,1
134,164,98,138,76,87,143,179,168,112,4,1
135,162,97,138,77,89,147,178,166,108,4,1
136,186,99,140,51,67,119,204,188,136,8,1
137,157,102,140,80,97,143,175,158,112,10,1
138,136,106,140,102,120,158,153,135,97,14,1
139,141,108,140,96,115,148,159,140,107,16,1
140,150,108,138,90,106,139,165,149,116,15,1
141,210,108,137,31,45,80,224,210,175,14,1
142,205,106,135,39,48,89,216,207,166,10,1
143,152,105,136,91,100,143,164,155,112,8,1
144,165,102,130,86,83,136,169,172,119,0,1
145,173,103,130,78,74,125,177,181,130,0,1
146,205,103,130,47,43,93,208,212,162,0,1
147,190,105,130,61,58,105,194,197,150,2,1
148,129,107,132,119,121,162,136,134,93,5,1
149,137,109,133,109,115,151,146,140,104,9,1
150,206,108,135,38,48,83,217,207,172,12,1
151,216,108,137,25,38,73,230,217,182,14,1
152,189,103,135,55,63,109,200,192,146,7,1
153,177,99,133,70,71,127,185,184,128,0,1
154,133,97,130,118,112,176,137,143,79,250,1
155,199,95,128,55,44,112,200,211,143,247,1
156,197,97,127,58,46,112,197,209,143,248,1
157,132,101,128,122,113,170,133,142,85,252,1
158,101,104,130,150,148,195,105,107,60,1,1
159,157,108,132,92,94,133,163,161,122,7,1
160,208,101,140,29,47,93,226,208,162,12,1
161,192,103,138,48,62,107,207,193,148,10,1
162,233,103,137,9,20,65,246,235,190,9,1
163,161,103,134,84,90,138,171,165,117,5,1
164,146,101,133,100,103,156,155,152,99,1,1
165,174,99,135,71,76,132,184,179,123,2,1
166,177,97,137,64,73,132,191,182,123,2,1
167,173,96,138,66,78,138,189,177,117,3,1
168,213,95,139,25,39,100,230,216,155,4,1
169,233,93,140,4,19,84,251,236,171,3,1
170,235,91,141,1,16,85,254,239,170,2,1
171,221,89,140,17,29,103,238,226,152,255,1
172,224,90,139,14,26,98,241,229,157,0,1
173,214,94,141,22,38,100,233,217,155,5,1
174,194,99,142,41,61,112,214,194,143,10,1
175,158,103,142,76,99,141,179,156,114,15,1
176,179,104,139,60,75,118,195,180,137,11,1
177,157,103,138,83,97,142,172,158,113,10,1
178,145,101,139,94,108,157,161,147,98,8,1
179,165,99,138,74,87,139,181,168,116,7,1
180,183,101,138,57,69,119,198,186,136,7,1
181,129,103,138,111,124,168,144,131,87,9,1
182,117,107,137,125,137,175,130,118,80,11,1
183,172,110,136,71,82,114,184,173,141,13,1
184,214,111,133,33,39,71,222,216,184,12,1
185,205,111,133,42,47,79,213,208,176,11,1
186,144,109,131,106,106,144,149,149,111,6,1
187,151,106,130,100,97,142,155,158,113,2,1
188,163,103,128,91,83,134,164,172,121,255,1
189,179,103,127,77,67,119,178,188,136,254,1
190,190,103,125,68,55,108,187,200,147,252,1
191,188,103,125,70,57,110,185,198,145,252,1
192,185,103,130,67,63,114,188,192,141,0,1
193,180,100,127,76,65,123,179,190,132,251,1
194,159,97,122,104,81,149,151,174,106,242,1
195,157,96,119,110,80,154,145,175,101,236,1
196,161,94,118,106,75,153,149,180,102,234,1
197,171,94,122,92,68,144,163,187,111,238,1
198,165,94,123,96,75,150,159,180,105,240,1
199,163,94,123,98,77,152,157,178,103,240,1
200,161,91,122,102,77,158,153,178,97,236,1
201,175,90,120,89,61,146,166,194,109,233,1
202,155,87,120,110,81,171,145,174,84,230,1
203,164,86,122,98,72,163,157,183,92,232,1
204,168,88,123,93,69,157,162,186,98,234,1
205,180,90,122,82,58,142,173,197,113,235,1
206,170,93,120,94,67,146,161,188,109,236,1
207,190,94,120,75,47,124,180,208,131,236,1
208,211,108,122,52,33,79,203,222,176,253,1
209,186,107,122,76,58,106,179,197,149,252,1
210,145,105,125,114,100,149,141,155,106,253,1
211,125,104,128,130,122,171,125,133,84,255,1
212,134,103,130,118,114,165,137,141,90,0,1
213,145,102,132,104,104,156,151,151,99,1,1
214,149,101,132,99,99,153,156,156,102,0,1
215,151,99,132,98,97,154,157,158,101,255,1
216,168,99,130,83,79,138,172,176,117,253,1
217,201,99,129,51,45,105,204,210,150,253,1
218,225,98,128,29,19,82,226,236,173,250,1
219,204,98,127,52,40,104,203,215,151,249,1
220,190,97,125,67,52,119,188,203,136,246,1
221,197,96,126,60,45,114,195,210,141,245,1
222,179,96,126,78,63,132,177,192,123,245,1
223,139,96,126,118,103,172,137,152,83,244,1
224,130,102,132,119,119,171,136,136,84,0,1
225,159,102,130,92,89,142,163,166,113,0,1
226,187,100,130,65,60,116,190,195,139,254,1
227,186,101,131,64,61,116,191,194,139,0,1
228,218,100,134,28,31,86,227,224,169,2,1
229,181,99,135,62,69,123,193,186,132,3,1
230,220,101,133,26,29,82,229,226,173,3,1
231,228,100,128,26,18,75,229,237,180,253,1
232,180,100,122,82,62,123,173,193,132,246,1
233,146,101,121,118,94,156,137,161,99,243,1
234,133,100,124,127,109,171,128,146,84,246,1
235,148,99,129,104,98,158,151,157,97,252,1
236,197,98,133,49,51,110,206,204,145,0,1
237,235,95,133,12,13,77,243,242,178,255,1
238,232,95,130,20,13,81,235,242,174,250,1
239,214,94,125,43,27,100,212,228,155,244,1
240,216,102,128,37,30,84,218,225,171,255,1
241,205,100,127,51,40,98,204,215,157,251,1
242,188,99,126,69,55,117,186,200,138,248,1
243,170,97,127,85,73,139,170,182,116,247,1
244,174,96,127,81,70,136,174,185,119,248,1
245,177,97,128,76,67,132,179,188,123,249,1
246,179,95,127,77,64,133,178,191,122,246,1
247,195,91,124,64,45,124,191,210,131,240,1
248,182,87,125,77,57,144,178,198,111,236,1
249,155,86,125,103,84,174,152,171,81,235,1
250,154,86,125,104,85,175,151,170,80,235,1
251,139,90,123,121,99,182,134,156,73,236,1
252,140,94,122,123,99,175,132,156,80,238,1
253,148,97,122,115,92,160,140,163,95,241,1
254,137,99,125,122,106,168,133,149,87,247,1
255,148,101,128,106,97,154,149,158,101,252,1
256,156,99,132,93,92,149,162,163,106,255,1
257,130,100,131,120,117,174,135,138,81,254,1
258,150,99,129,102,96,156,153,159,99,252,1
259,133,98,130,117,113,174,138,142,81,252,1
260,137,98,132,111,111,171,144,144,84,254,1
261,128,99,135,117,122,178,138,133,77,1,1
262,128,99,135,115,122,176,140,133,79,3,1
263,146,101,135,98,104,156,157,151,99,3,1
264,156,103,133,92,94,143,163,161,112,3,1
265,150,104,132,99,100,146,156,155,109,3,1
266,138,107,132,110,112,153,145,143,102,6,1
267,143,108,133,104,109,147,151,146,108,8,1
268,130,108,134,115,123,159,140,132,96,10,1
269,110,108,134,135,143,179,120,112,76,10,1
270,103,109,133,143,149,185,112,106,70,9,1
271,96,108,133,151,155,193,104,100,62,7,1
272,136,109,133,110,116,152,145,139,103,9,1
273,129,107,133,117,122,162,138,133,93,7,1
274,132,104,135,113,120,164,142,135,91,6,1
275,127,103,135,117,125,172,138,130,83,6,1
276,98,103,135,146,154,201,109,101,54,5,1
277,78,103,135,166,174,221,89,81,34,5,1
278,98,102,135,147,153,203,108,102,52,3,1
279,110,99,133,137,139,196,118,116,59,0,1
280,179,95,132,69,68,134,186,187,121,252,1
281,191,93,133,56,55,125,199,200,130,251,1
282,176,93,133,71,70,140,184,185,115,251,1
283,124,95,132,124,123,189,131,132,66,251,1
284,120,98,133,126,128,187,129,127,68,255,1
285,119,99,136,124,131,186,131,124,69,2,1
286,105,99,137,136,146,199,119,109,56,4,1
287,93,100,138,147,159,211,108,96,44,5,1
288,130,107,133,116,121,161,139,134,94,7,1
289,217,116,133,30,38,59,225,217,196,17,1
290,249,123,131,0,6,14,255,249,241,22,1
291,249,119,131,0,5,21,255,250,234,18,1
292,185,108,137,56,69,104,199,186,151,13,1
293,105,102,137,136,148,196,119,107,59,7,1
294,79,101,139,160,174,223,95,81,32,7,1
295,88,99,140,149,165,216,106,90,39,7,1
296,110,99,140,127,143,195,128,112,60,7,1
297,171,99,141,65,83,133,190,172,122,10,1
298,220,103,141,16,35,78,239,220,177,13,1
299,236,107,140,0,20,55,255,235,200,17,1
