,target
0,3
1,3
2,3
3,3
4,3
5,3
6,3
7,1
8,1
9,1
10,1
11,3
12,3
13,3
14,3
15,1
16,1
17,1
18,1
19,1
20,1
21,1
22,1
23,1
24,3
25,1
26,1
27,1
28,3
29,2
30,2
31,3
32,1
33,1
34,1
35,2
36,1
37,1
38,1
39,1
40,1
41,1
42,1
43,1
44,1
45,1
46,1
47,1
48,2
49,2
50,1
51,1
52,1
53,1
54,1
55,1
56,1
57,1
58,1
59,1
60,1
61,1
62,1
63,1
64,2
65,3
66,3
67,3
68,1
69,1
70,1
71,1
72,1
73,1
74,1
75,1
76,1
77,1
78,2
79,3
80,1
81,1
82,1
83,2
84,3
85,3
86,1
87,1
88,1
89,1
90,3
91,3
92,3
93,3
94,3
95,3
96,2
97,2
98,1
99,1
100,1
101,1
102,1
103,1
104,1
105,1
106,1
107,1
108,1
109,1
110,2
111,2
112,2
113,1
114,1
115,1
116,1
117,1
118,1
119,1
120,1
121,1
122,1
123,3
124,3
125,3
126,2
127,2
128,2
129,2
130,2
131,2
132,2
133,2
134,2
135,2
136,2
137,2
138,3
139,2
140,2
141,2
142,2
143,2
144,2
145,2
146,2
147,2
148,3
149,3
150,2
151,2
152,2
153,2
154,1
155,1
156,1
157,1
158,3
159,2
160,2
161,2
162,2
163,2
164,2
165,2
166,2
167,2
168,2
169,2
170,2
171,1
172,2
173,2
174,2
175,2
176,2
177,2
178,2
179,2
180,2
181,3
182,3
183,2
184,2
185,2
186,2
187,2
188,1
189,1
190,1
191,1
192,2
193,1
194,1
195,1
196,1
197,1
198,1
199,1
200,1
201,1
202,1
203,1
204,1
205,1
206,1
207,1
208,1
209,1
210,1
211,1
212,3
213,3
214,2
215,1
216,1
217,1
218,1
219,1
220,1
221,1
222,1
223,1
224,3
225,2
226,1
227,2
228,2
229,2
230,2
231,1
232,1
233,1
234,1
235,1
236,2
237,1
238,1
239,1
240,1
241,1
242,1
243,1
244,1
245,1
246,1
247,1
248,1
249,1
250,1
251,1
252,1
253,1
254,1
255,1
256,1
257,1
258,1
259,1
260,1
261,3
262,3
263,2
264,2
265,2
266,3
267,2
268,3
269,3
270,3
271,3
272,3
273,3
274,3
275,3
276,3
277,3
278,3
279,3
280,1
281,1
282,1
283,1
284,1
285,3
286,3
287,3
288,3
289,2
290,2
291,2
292,2
293,3
294,3
295,3
296,3
297,2
298,2
299,2
